discrete_results =

   1.0e+03 *

    0.0030    0.0000    0.0130    0.0001    5.5408
    0.0040    0.0000    0.0290    0.0001    1.8859
    0.0050    0.0000    0.0380    0.0001    2.5041
    0.0060    0.0000    0.0400    0.0001    0.9190
    0.0070    0.0000    0.0510    0.0001    1.4112
    0.0080    0.0000    0.0530    0.0001    0.5797
    0.0090    0.0000    0.0630    0.0001    0.6822
    0.0100    0.0000    0.0630    0.0001    0.4712
    0.0110    0.0000    0.1070    0.0001    0.5344
    0.0120    0.0000    0.1100    0.0001    0.3634
    0.0130    0.0000    0.1020    0.0001    0.3906
    0.0140    0.0000    0.1100    0.0001    0.2507
    0.0150    0.0000    0.1110    0.0001    0.2793
    0.0160    0.0000    0.1380    0.0001    0.1472
    0.0170    0.0000    0.1060    0.0001    0.2184


continuous_results =

   1.0e+03 *

    0.0030    0.0000    0.0300    0.0001    4.5014
    0.0040    0.0000    0.0730    0.0001    2.9530
    0.0050    0.0000    0.0760    0.0001    2.1157
    0.0060    0.0000    0.0800    0.0001    1.5136
    0.0070    0.0000    0.1010    0.0001    1.0659
    0.0080    0.0000    0.0980    0.0001    0.7212
    0.0090    0.0000    0.1370    0.0001    0.5358
    0.0100    0.0000    0.1060    0.0001    0.4457
    0.0110    0.0000    0.1980    0.0001    0.4064
    0.0120    0.0000    0.1160    0.0001    0.3693
    0.0130    0.0000    0.1800    0.0001    0.3147
    0.0140    0.0000    0.1770    0.0001    0.2893
    0.0150    0.0000    0.2120    0.0001    0.2245
    0.0160    0.0000    0.1820    0.0001    0.1835
    0.0170    0.0000    0.1720    0.0001    0.1625
